name KEY_3
      548      582      547      552
      604      522      547      580      577      523
      605      521      547      580      551      552
      644     1609      575     1656      545     1681
      600     1655      547     1681      549     1681
      598     1657      575     1653      547      579
      577     1652      549     1680      600     1655
      548     1680      547      579      576     1653
      548      579      575     1654      547      579
      574      527      601      526      547      580
      574     1656      546      580      548     1682
      544    
name KEY_4
      547      600      525      577
      550      576      525      604      523      575
      551      556      544      602      552      549
      551     1702      526     1704      523     1704
      576     1658      544     1685      542     1684
      573     1683      546     1680      548      579
      550      551      574      553      547     1684
      572      553      547      580      547      554
      575      551      546     1683      573     1683
      544     1682      546      580      547     1681
      547     1685      570     1682      549     1680
      545   
name KEY_5
      545      583      579      521
      572      554      546      581      552      550
      603      520      548      579      575      529
      602     1650      574     1656      546     1681
      601     1654      574     1652      521     1710
      597     1655      581     1648      546      579
      574      529      597     1655      576     1655
      546     1681      596      531      545      580
      573      528      600     1656      569     1657
      549      578      574      528      600      525
      578     1654      594     1657      573     1657
      545
name KEY_6
      547      574      578      529
      515      610      572      529      573      551
      550      577      572      529      607      519
      571     1663      591     1660      571     1656
      547     1685      569     1683      546     1684
      543     1684      571     1683      546      554
      571     1685      544      555      572     1683
      547     1682      544      582      545     1685
      543      582      545     1686      543      581
      545     1686      543      582      546      555
      571     1684      545      556      571     1684
      546    
name KEY_7
      581      519      602      524
      551      576      577      524      604      522
      547      580      576      526      601      524
      546     1684      636     1619      579     1647
      549     1680      607     1648      548     1680
      547     1682      605     1649      574      528
      597     1655      550      551      604      522
      549      578      576      525      601     1656
      571      527      603     1653      572      526
      604     1651      577     1651      547     1684
      599     1653      575      525      604     1651
      550    39741
name KEY_8
      577      524      596      529
      547      580      579      522      573      552
      546      580      582      519      607      519
      547     1685      570     1682      571     1659
      543     1684      597     1658      570     1658
      546     1683      572     1683      546      553
      573     1681      548      553      573      554
      547     1683      604      521      546     1683
      606      521      550     1678      576      550
      548     1682      598     1658      571      527
      599     1655      578      522      601     1654
      581
name KEY_9
      573      548      555      573
      526      600      527      552      600      527
      549      577      574      529      599      526
      570     1661      600     1652      575     1655
      568     1659      596     1659      571     1654
      548     1683      596     1657      547      555
      573     1680      573      528      602     1652
      577      524      600      527      547     1681
      598      528      551     1679      597      528
      548     1685      595      527      547     1686
      571     1680      574      527      599     1655
      554